普通物资 10104540 733.9 1512.14
普通物资 10104540 679.73 1467.94
普通物资 10104540 765.28 1557.32
普通物资 10104540 619.21 1531.42
普通物资 10104540 722.42 1551.25
普通物资 10104540 579.57 1505.96
普通物资 10104540 758.74 1447.93
普通物资 10104540 761.55 1466.26
精良物资 10104541 765.63 1615.28
精良物资 10104541 853.34 1651.45
普通物资 10104540 566.39 1423.71
普通物资 10104540 603.94 1387.84
普通物资 10104540 613.48 1406.75
精良物资 10104541 724.75 1460.02
普通物资 10104540 637.69 1405.55
普通物资 10104540 681.81 1395.22
普通物资 10104540 783.77 1509.46
普通物资 10104540 801.47 1436.76
普通物资 10104540 868.3 1426.68
普通物资 10104540 847.62 1410.77
普通物资 10104540 711.97 1584.94
普通物资 10104540 822.56 1483.43
普通物资 10104540 762.31 1604.29
普通物资 10104540 720.92 1608.46
精良物资 10104541 647.72 1370.8
普通物资 10104540 718.56 1425.6
普通物资 10104540 588.84 1469.8
普通物资 10104540 608.12 1429.44
普通物资 10104540 583.75 1400.14
普通物资 10104540 602.78 1385.32
普通物资 10104540 601.47 1384.6
普通物资 10104540 608.64 1365.2
普通物资 10104540 532.04 1526.02
普通物资 10104540 554.28 1327.16
普通物资 10104540 621.35 1372.41
普通物资 10104540 447.68 1417.18
普通物资 10104540 550.24 1431.59
普通物资 10104540 565.41 1415.08
普通物资 10104540 665.59 1440.21
普通物资 10104540 678.83 1491.8
普通物资 10104540 661.66 1499.92
普通物资 10104540 736.33 1616.72
普通物资 10104540 745.84 1626.65
普通物资 10104540 806.81 1701.76
普通物资 10104540 835.07 1637.28
普通物资 10104540 592.74 1437.07
普通物资 10104540 850.28 1678.32
普通物资 10104540 803.59 1699.4
普通物资 10104540 864.74 1442.48
普通物资 10104540 632.25 1382.86
普通物资 10104540 465.92 1417.1
普通物资 10104540 442.63 1416.49
普通物资 10104540 515.07 1526.18
普通物资 10104540 751.98 1540.32
普通物资 10104540 509.29 1547.76
普通物资 10104540 734.97 1679.59
普通物资 10104540 759.48 1689.06
普通物资 10104540 929.04 1776.38
普通物资 10104540 940.11 1738.07
普通物资 10104540 740.52 1437.23
普通物资 10104540 889.27 1669.97
普通物资 10104540 801.19 1659.9
普通物资 10104540 718.57 1559.29
普通物资 10104540 781.1 1580.42
普通物资 10104540 789.01 1566.5
普通物资 10104540 786.38 1542.61
普通物资 10104540 810.92 1488.85
普通物资 10104540 796.4 1477.51
普通物资 10104540 768.11 1441.43
普通物资 10104540 772.72 1455.22
普通物资 10104540 600.75 1457.37
普通物资 10104540 609.49 1511.62
普通物资 10104540 603.94 1414.76
普通物资 10104540 625.68 1425.8
普通物资 10104540 636.1 1418.49
普通物资 10104540 663.52 1429.14
普通物资 10104540 523.06 1424.02
普通物资 10104540 591.93 1457.9
普通物资 10104540 700.71 1403.87
普通物资 10104540 649.32 1416.96
普通物资 10104540 849.06 1503.01
普通物资 10104540 833.1 1503.38
普通物资 10104540 689.87 1599.32
普通物资 10104540 807.13 1556.07