遗落宝箱 10104530 512 1706.1
遗落宝箱 10104530 352.4 1722.29
遗落宝箱 10104530 350.6 1627.91
遗落宝箱 10104530 302.6 1526.2
遗落宝箱 10104530 239.9 1444.7
遗落宝箱 10104530 662.82 1711.67
遗落宝箱 10104530 928.01 1789.67
遗落宝箱 10104530 1034.66 2013.69
遗落宝箱 10104530 1630.25 1680.94
遗落宝箱 10104530 1577.16 1668.87
遗落宝箱 10104530 1611.83 1597.45
遗落宝箱 10104530 1656.82 1580.49
遗落宝箱 10104530 1591.9 1622.5
遗落宝箱 10104530 1660.07 1627.79
遗落宝箱 10104530 1631.51 1050.48
遗落宝箱 10104530 1564.78 1015.15
遗落宝箱 10104530 1648.52 942.24
遗落宝箱 10104530 1727.13 918.49
遗落宝箱 10104530 1962.42 603.15
遗落宝箱 10104530 1983.17 519.32
遗落宝箱 10104530 1400.5 2022.44
遗落宝箱 10104530 1809.36 1706.33
遗落宝箱 10104530 1889.75 1723.53
遗落宝箱 10104530 2003.24 1767.56
遗落宝箱 10104530 1851.43 1357.5
遗落宝箱 10104530 1872.81 1330.11
遗落宝箱 10104530 1830.31 1271.21
遗落宝箱 10104530 1852.99 1213.37
遗落宝箱 10104530 1838.26 1214.32
遗落宝箱 10104530 1740.79 1000.35
遗落宝箱 10104530 1748.64 1031.4
遗落宝箱 10104530 1704.56 1010.76
遗落宝箱 10104530 1816.2 874.14
遗落宝箱 10104530 1901.49 776.07
遗落宝箱 10104530 1846.52 476.62
遗落宝箱 10104530 1806.67 423.94
遗落宝箱 10104530 1761.05 358.11
遗落宝箱 10104530 1687.93 333.97
遗落宝箱 10104530 1763.79 395.29
遗落宝箱 10104530 1741.75 305.79
遗落宝箱 10104530 1689.21 387.72
遗落宝箱 10104530 1624.69 316.98
遗落宝箱 10104530 1640.19 252.76
遗落宝箱 10104530 1622.9 209.65
遗落宝箱 10104530 1659.07 234.71
遗落宝箱 10104530 1482.42 265.62
遗落宝箱 10104530 1530.34 293.78
遗落宝箱 10104530 1413 309.87
遗落宝箱 10104530 1319.64 297.96
遗落宝箱 10104530 1238.36 318.06
遗落宝箱 10104530 1108.58 286.24
遗落宝箱 10104530 1253.87 260.83
遗落宝箱 10104530 1305.1 372.3
遗落宝箱 10104530 1177.49 300.61
遗落宝箱 10104530 1065.95 289.88
遗落宝箱 10104530 1110.31 195.05
遗落宝箱 10104530 1003.78 243.01
遗落宝箱 10104530 941.81 197.86
遗落宝箱 10104530 891.88 173.37
遗落宝箱 10104530 834.64 217.21
遗落宝箱 10104530 777.01 211.63
遗落宝箱 10104530 661 216.49
遗落宝箱 10104530 568.3 216.37
遗落宝箱 10104530 442.56 272.84
遗落宝箱 10104530 374.9 354.29
遗落宝箱 10104530 299.47 409.87
遗落宝箱 10104530 371.36 453.26
遗落宝箱 10104530 359.81 511.78
遗落宝箱 10104530 448.18 445.01
遗落宝箱 10104530 399.97 404.41
遗落宝箱 10104530 425.68 494.91
遗落宝箱 10104530 234.07 537.48
遗落宝箱 10104530 181.04 636.88
遗落宝箱 10104530 281.13 498.39
遗落宝箱 10104530 280.12 596.31
遗落宝箱 10104530 214.84 596.25
遗落宝箱 10104530 218.84 768.38
遗落宝箱 10104530 210.1 896.12
遗落宝箱 10104530 216.13 965.29
遗落宝箱 10104530 179.62 1192.51
遗落宝箱 10104530 179.22 1296.35
遗落宝箱 10104530 187.58 1359.91
遗落宝箱 10104530 228.14 1458.92
遗落宝箱 10104530 237.22 1530.91